7.1000000000000005 4.0 350.0
7.2 4.0 360.0
7.1000000000000005 4.0 350.0
7.0 4.0 345.0
7.4 4.0 10.0
7.5 4.0 20.0
7.6000000000000005 4.1000000000000005 30.0
7.7 4.2 40.0
7.800000000000001 4.3 50.0
7.9 4.4 60.0
7.9 4.5 65.0
7.9 4.6000000000000005 70.0
7.9 4.7 75.0
7.9 4.800000000000001 80.0
7.9 4.9 90.0
7.9 5.1000000000000005 100.0
7.9 5.2 110.0
7.800000000000001 5.300000000000001 120.0
7.7 5.4 130.0
7.6000000000000005 5.5 135.0
7.5 5.6000000000000005 140.0
7.300000000000001 5.800000000000001 145.0
7.2 5.9 135.0
7.0 6.1000000000000005 135.0
6.800000000000001 6.300000000000001 135.0
6.6000000000000005 6.5 140.0
6.5 6.6000000000000005 150.0
6.4 6.7 160.0
6.300000000000001 6.800000000000001 150.0
6.0 7.0 150.0
5.9 7.1000000000000005 140.0
5.7 7.300000000000001 140.0
5.5 7.5 140.0
5.4 7.6000000000000005 140.0
5.2 7.800000000000001 140.0
5.0 8.0 140.0
4.800000000000001 8.200000000000001 140.0
4.7 8.3 140.0
4.5 8.5 140.0
4.3 8.700000000000001 140.0
4.1000000000000005 8.9 140.0
4.0 9.0 150.0
3.7 9.200000000000001 150.0
3.5 9.3 155.0
3.2 9.4 155.0
3.1 9.4 160.0
3.0 9.4 165.0
2.7 9.5 165.0
2.6 9.5 170.0
2.3000000000000003 9.600000000000001 170.0
2.1 9.600000000000001 170.0
1.8 9.700000000000001 170.0
1.6 9.700000000000001 170.0
1.5 9.700000000000001 175.0
1.3 9.700000000000001 165.0
1.0 9.8 165.0
0.7000000000000001 9.9 165.0
0.5 9.9 165.0
0.2 10.0 165.0
